26.00,25.98,25.75,25.73,25.57,25.51,25.62,25.47,25.55,25.51,25.60,25.45,25.47,25.45,25.50,25.91,25.85,25.83,26.34,26.37,26.38,26.33,26.39,26.69,26.24,26.16,26.03,25.94,26.04,25.98,25.57,25.64,25.72,25.50,25.76,25.67,25.81,25.93,25.87,25.74,26.25,26.50,26.62,26.52,26.28,26.40,26.44,26.31,26.14,25.92,25.54,25.56,25.42,25.59,25.56,25.49,25.55,25.64,25.66,25.68,25.63,25.68,25.99,26.22
25.98,25.95,25.59,25.58,25.36,25.26,25.40,25.21,25.31,25.25,25.39,25.18,25.21,25.18,25.24,25.83,25.75,25.72,26.47,26.51,26.53,26.46,26.55,26.98,26.32,26.21,26.01,25.88,26.03,25.94,25.34,25.45,25.56,25.26,25.61,25.49,25.70,25.87,25.77,25.60,26.35,26.71,26.90,26.73,26.38,26.56,26.62,26.43,26.17,25.86,25.31,25.33,25.14,25.37,25.33,25.23,25.33,25.43,25.47,25.50,25.43,25.51,25.96,26.30
25.75,25.59,21.97,22.01,19.90,19.19,20.32,18.55,19.64,18.98,20.28,18.36,18.60,18.43,18.82,24.47,23.77,23.44,30.56,31.05,31.40,30.39,31.38,35.24,28.92,28.12,26.29,24.85,26.55,25.33,19.99,20.86,21.78,19.27,22.35,21.41,23.23,24.98,23.96,22.42,29.71,32.99,34.87,33.07,29.77,31.62,32.06,30.21,27.81,24.80,19.50,19.85,17.95,20.14,19.54,18.76,19.69,20.59,20.93,21.37,20.51,21.35,25.62,28.90
25.73,25.58,22.01,22.04,19.93,19.21,20.37,18.58,19.67,19.02,20.31,18.39,18.63,18.45,18.86,24.48,23.77,23.45,30.52,31.01,31.33,30.35,31.32,35.17,28.90,28.08,26.28,24.86,26.53,25.34,20.01,20.89,21.81,19.28,22.38,21.42,23.24,24.97,23.97,22.41,29.65,32.92,34.76,33.02,29.72,31.55,32.00,30.16,27.79,24.78,19.53,19.87,17.98,20.16,19.59,18.79,19.72,20.63,20.97,21.39,20.55,21.38,25.62,28.87
25.57,25.36,19.90,19.93,16.61,15.52,17.36,14.54,16.24,15.25,17.25,14.23,14.61,14.34,14.99,23.70,22.56,22.09,33.01,33.78,34.24,32.76,34.23,40.18,30.50,29.18,26.47,24.26,26.85,25.03,16.76,18.13,19.59,15.60,20.48,18.94,21.78,24.46,22.92,20.46,31.65,36.71,39.49,36.90,31.79,34.59,35.30,32.46,28.80,24.11,16.01,16.56,13.59,16.99,16.11,14.86,16.32,17.77,18.29,18.93,17.60,18.91,25.44,30.46
25.51,25.26,19.19,19.21,15.52,14.31,16.35,13.22,15.11,14.01,16.24,12.87,13.30,12.99,13.73,23.42,22.15,21.62,33.78,34.63,35.15,33.50,35.14,41.77,31.00,29.52,26.49,24.05,26.91,24.90,15.68,17.22,18.84,14.39,19.83,18.11,21.28,24.25,22.55,19.81,32.26,37.89,40.99,38.11,32.41,35.53,36.32,33.17,29.09,23.88,14.85,15.47,12.16,15.95,14.97,13.57,15.20,16.82,17.39,18.11,16.64,18.09,25.35,30.94
25.62,25.40,20.32,20.37,17.36,16.35,17.98,15.45,17.00,16.07,17.91,15.17,15.52,15.26,15.84,23.84,22.83,22.37,32.44,33.14,33.60,32.20,33.58,39.05,30.12,28.96,26.41,24.37,26.77,25.06,17.49,18.73,20.04,16.45,20.85,19.49,22.08,24.55,23.12,20.91,31.21,35.86,38.48,36.00,31.31,33.91,34.55,31.94,28.55,24.27,16.80,17.29,14.59,17.69,16.87,15.74,17.07,18.36,18.85,19.45,18.24,19.43,25.46,30.08
25.47,25.21,18.55,18.58,14.54,13.22,15.45,12.02,14.10,12.88,15.33,11.64,12.11,11.77,12.57,23.19,21.80,21.23,34.55,35.48,36.06,34.24,36.04,43.29,31.48,29.88,26.57,23.88,27.03,24.81,14.73,16.40,18.17,13.31,19.26,17.38,20.85,24.11,22.24,19.24,32.90,39.05,42.46,39.29,33.05,36.48,37.33,33.88,29.42,23.70,13.81,14.49,10.86,15.01,13.93,12.41,14.19,15.96,16.59,17.38,15.75,17.35,25.31,31.44
25.55,25.31,19.64,19.67,16.24,15.11,17.00,14.10,15.85,14.82,16.89,13.77,14.17,13.88,14.56,23.58,22.41,21.91,33.24,34.03,34.52,32.98,34.52,40.69,30.65,29.29,26.45,24.17,26.85,24.96,16.38,17.81,19.32,15.19,20.23,18.64,21.59,24.36,22.77,20.23,31.83,37.07,39.98,37.27,31.97,34.88,35.61,32.67,28.87,24.03,15.62,16.18,13.11,16.63,15.72,14.43,15.93,17.43,17.97,18.63,17.27,18.62,25.39,30.60
25.51,25.25,18.98,19.02,15.25,14.01,16.07,12.88,14.82,13.67,15.97,12.53,12.97,12.65,13.38,23.34,22.05,21.50,34.01,34.88,35.43,33.71,35.41,42.21,31.13,29.65,26.51,23.99,26.95,24.85,15.41,16.97,18.62,14.11,19.64,17.90,21.15,24.21,22.44,19.66,32.46,38.24,41.46,38.44,32.60,35.82,36.62,33.38,29.18,23.84,14.56,15.18,11.80,15.68,14.66,13.24,14.91,16.54,17.14,17.88,16.37,17.86,25.33,31.08
25.60,25.39,20.28,20.31,17.25,16.24,17.91,15.33,16.89,15.97,17.83,15.04,15.40,15.13,15.73,23.83,22.78,22.33,32.50,33.21,33.66,32.26,33.65,39.19,30.17,28.97,26.41,24.36,26.77,25.06,17.38,18.65,19.99,16.32,20.81,19.41,22.04,24.53,23.09,20.84,31.25,35.95,38.57,36.11,31.36,33.98,34.63,31.99,28.58,24.24,16.69,17.19,14.45,17.60,16.78,15.62,16.97,18.30,18.78,19.39,18.16,19.37,25.45,30.13
25.45,25.18,18.36,18.39,14.23,12.87,15.17,11.64,13.77,12.53,15.04,11.24,11.73,11.38,12.21,23.12,21.68,21.10,34.77,35.72,36.30,34.45,36.29,43.74,31.63,29.97,26.58,23.82,27.05,24.78,14.41,16.14,17.97,12.95,19.08,17.14,20.71,24.06,22.14,19.04,33.06,39.39,42.87,39.64,33.23,36.74,37.63,34.08,29.50,23.62,13.48,14.17,10.45,14.71,13.61,12.04,13.87,15.69,16.34,17.14,15.48,17.13,25.29,31.57
25.47,25.21,18.60,18.63,14.61,13.30,15.52,12.11,14.17,12.97,15.40,11.73,12.20,11.86,12.66,23.21,21.83,21.26,34.49,35.41,35.98,34.18,35.97,43.17,31.45,29.85,26.56,23.89,27.02,24.82,14.79,16.46,18.22,13.39,19.30,17.43,20.88,24.12,22.26,19.28,32.84,38.96,42.34,39.20,33.00,36.40,37.26,33.82,29.39,23.71,13.89,14.56,10.96,15.08,14.01,12.50,14.26,16.02,16.65,17.43,15.82,17.41,25.31,31.40
25.45,25.18,18.43,18.45,14.34,12.99,15.26,11.77,13.88,12.65,15.13,11.38,11.86,11.51,12.34,23.13,21.71,21.13,34.67,35.61,36.18,34.35,36.18,43.56,31.56,29.92,26.55,23.82,27.02,24.78,14.51,16.22,18.03,13.07,19.13,17.21,20.74,24.06,22.16,19.10,32.97,39.24,42.69,39.48,33.14,36.61,37.49,33.98,29.44,23.64,13.59,14.27,10.59,14.81,13.72,12.17,13.97,15.78,16.42,17.21,15.58,17.20,25.28,31.50
25.50,25.24,18.82,18.86,14.99,13.73,15.84,12.57,14.56,13.38,15.73,12.21,12.66,12.34,13.09,23.28,21.96,21.40,34.20,35.09,35.66,33.90,35.64,42.60,31.25,29.74,26.53,23.95,26.98,24.83,15.17,16.76,18.46,13.83,19.49,17.72,21.04,24.18,22.36,19.51,32.62,38.54,41.83,38.75,32.77,36.06,36.88,33.56,29.27,23.79,14.29,14.93,11.46,15.44,14.39,12.94,14.65,16.32,16.93,17.70,16.14,17.67,25.32,31.21
25.91,25.83,24.47,24.48,23.70,23.42,23.84,23.19,23.58,23.34,23.83,23.12,23.21,23.13,23.28,25.39,25.15,25.01,27.69,27.87,28.00,27.63,28.00,29.47,27.09,26.79,26.08,25.55,26.18,25.73,23.72,24.05,24.39,23.46,24.59,24.25,24.93,25.59,25.20,24.64,27.36,28.60,29.32,28.63,27.39,28.08,28.25,27.56,26.65,25.54,23.55,23.66,22.97,23.78,23.57,23.27,23.61,23.94,24.07,24.23,23.93,24.23,25.84,27.06
25.85,25.75,23.77,23.77,22.56,22.15,22.83,21.80,22.41,22.05,22.78,21.68,21.83,21.71,21.96,25.15,24.73,24.55,28.55,28.82,28.99,28.46,29.00,31.19,27.65,27.16,26.15,25.36,26.29,25.64,22.60,23.11,23.65,22.17,23.96,23.39,24.44,25.41,24.85,23.95,28.03,29.89,30.91,29.97,28.10,29.11,29.38,28.34,27.00,25.30,22.33,22.52,21.45,22.69,22.38,21.92,22.44,22.98,23.17,23.40,22.93,23.39,25.78,27.62
25.83,25.72,23.44,23.45,22.09,21.62,22.37,21.23,21.91,21.50,22.33,21.10,21.26,21.13,21.40,25.01,24.55,24.35,28.89,29.21,29.41,28.79,29.41,31.90,27.87,27.33,26.16,25.26,26.33,25.57,22.13,22.70,23.30,21.66,23.66,23.04,24.22,25.33,24.68,23.68,28.33,30.43,31.62,30.50,28.38,29.55,29.85,28.67,27.13,25.21,21.83,22.05,20.84,22.24,21.87,21.36,21.95,22.54,22.76,23.03,22.49,23.02,25.75,27.83
26.34,26.47,30.56,30.52,33.01,33.78,32.44,34.55,33.24,34.01,32.50,34.77,34.49,34.67,34.20,27.69,28.55,28.89,20.73,20.16,19.79,20.94,19.83,15.43,22.66,23.62,25.61,27.29,25.32,26.72,32.86,31.86,30.78,33.72,30.09,31.23,29.12,27.11,28.26,30.11,21.72,17.97,15.89,17.83,21.65,19.53,19.03,21.14,23.86,27.40,33.45,33.00,35.26,32.71,33.39,34.32,33.20,32.13,31.74,31.24,32.28,31.27,26.40,22.65
26.37,26.51,31.05,31.01,33.78,34.63,33.14,35.48,34.03,34.88,33.21,35.72,35.41,35.61,35.09,27.87,28.82,29.21,20.16,19.52,19.11,20.38,19.16,14.27,22.29,23.35,25.56,27.42,25.25,26.80,33.61,32.49,31.30,34.56,30.54,31.80,29.46,27.23,28.50,30.55,21.25,17.09,14.78,16.93,21.17,18.82,18.27,20.61,23.63,27.55,34.26,33.76,36.27,33.44,34.20,35.22,33.99,32.79,32.37,31.81,32.96,31.84,26.45,22.28
26.38,26.53,31.40,31.33,34.24,35.15,33.60,36.06,34.52,35.43,33.66,36.30,35.98,36.18,35.66,28.00,28.99,29.41,19.79,19.11,18.65,20.04,18.71,13.53,22.07,23.16,25.53,27.52,25.19,26.87,34.06,32.90,31.65,35.05,30.84,32.15,29.68,27.30,28.67,30.81,20.92,16.51,14.03,16.38,20.86,18.35,17.78,20.27,23.48,27.63,34.76,34.23,36.88,33.89,34.71,35.78,34.48,33.24,32.78,32.18,33.41,32.22,26.47,22.04
26.33,26.46,30.39,30.35,32.76,33.50,32.20,34.24,32.98,33.71,32.26,34.45,34.18,34.35,33.90,27.63,28.46,28.79,20.94,20.38,20.04,21.13,20.07,15.83,22.79,23.72,25.63,27.24,25.36,26.69,32.61,31.64,30.60,33.45,29.94,31.05,29.01,27.07,28.18,29.96,21.89,18.28,16.29,18.14,21.82,19.79,19.30,21.33,23.95,27.36,33.18,32.75,34.92,32.46,33.12,34.01,32.94,31.90,31.53,31.05,32.04,31.07,26.39,22.78
26.39,26.55,31.38,31.32,34.23,35.14,33.58,36.04,34.52,35.41,33.65,36.29,35.97,36.18,35.64,28.00,29.00,29.41,19.83,19.16,18.71,20.07,18.76,13.59,22.09,23.20,25.56,27.52,25.22,26.86,34.06,32.89,31.63,35.06,30.83,32.15,29.68,27.32,28.68,30.82,20.98,16.58,14.12,16.43,20.90,18.42,17.83,20.31,23.51,27.64,34.75,34.23,36.87,33.88,34.69,35.76,34.47,33.21,32.76,32.18,33.38,32.20,26.49,22.07
26.69,26.98,35.24,35.17,40.18,41.77,39.05,43.29,40.69,42.21,39.19,43.74,43.17,43.56,42.60,29.47,31.19,31.90,15.43,14.27,13.53,15.83,13.59,4.67,19.27,21.21,25.28,28.64,24.70,27.50,39.91,37.87,35.70,41.65,34.33,36.63,32.36,28.31,30.64,34.34,17.43,9.84,5.63,9.57,17.27,13.01,11.98,16.25,21.76,28.86,41.07,40.20,44.72,39.59,40.95,42.82,40.59,38.42,37.65,36.65,38.70,36.69,26.86,19.28
26.24,26.32,28.92,28.90,30.50,31.00,30.12,31.48,30.65,31.13,30.17,31.63,31.45,31.56,31.25,27.09,27.65,27.87,22.66,22.29,22.07,22.79,22.09,19.27,23.88,24.51,25.77,26.84,25.59,26.47,30.41,29.76,29.06,30.97,28.62,29.37,28.01,26.73,27.46,28.65,23.30,20.90,19.59,20.80,23.25,21.90,21.58,22.92,24.66,26.92,30.78,30.50,31.94,30.31,30.73,31.33,30.62,29.92,29.68,29.36,30.02,29.37,26.28,23.88
26.16,26.21,28.12,28.08,29.18,29.52,28.96,29.88,29.29,29.65,28.97,29.97,29.85,29.92,29.74,26.79,27.16,27.33,23.62,23.35,23.16,23.72,23.20,21.21,24.51,24.90,25.83,26.60,25.69,26.36,29.11,28.67,28.21,29.48,27.89,28.37,27.43,26.51,27.05,27.85,24.03,22.35,21.37,22.31,24.03,23.05,22.84,23.80,25.04,26.63,29.38,29.18,30.20,29.05,29.38,29.78,29.28,28.82,28.64,28.40,28.88,28.42,26.20,24.49
26.03,26.01,26.29,26.28,26.47,26.49,26.41,26.57,26.45,26.51,26.41,26.58,26.56,26.55,26.53,26.08,26.15,26.16,25.61,25.56,25.53,25.63,25.56,25.28,25.77,25.83,25.93,26.07,25.91,26.03,26.43,26.37,26.30,26.49,26.24,26.32,26.18,26.03,26.11,26.25,25.66,25.42,25.29,25.40,25.67,25.51,25.50,25.64,25.81,26.08,26.49,26.43,26.62,26.43,26.49,26.55,26.46,26.38,26.36,26.32,26.42,26.33,26.00,25.74
25.94,25.88,24.85,24.86,24.26,24.05,24.37,23.88,24.17,23.99,24.36,23.82,23.89,23.82,23.95,25.55,25.36,25.26,27.29,27.42,27.52,27.24,27.52,28.64,26.84,26.60,26.07,25.67,26.14,25.81,24.27,24.53,24.79,24.07,24.95,24.68,25.20,25.69,25.40,24.97,27.03,27.98,28.51,28.00,27.06,27.58,27.71,27.19,26.50,25.65,24.14,24.23,23.70,24.32,24.16,23.94,24.19,24.45,24.55,24.67,24.44,24.67,25.89,26.81
26.04,26.03,26.55,26.53,26.85,26.91,26.77,27.03,26.85,26.95,26.77,27.05,27.02,27.02,26.98,26.18,26.29,26.33,25.32,25.25,25.19,25.36,25.22,24.70,25.59,25.69,25.91,26.14,25.87,26.08,26.80,26.69,26.57,26.90,26.47,26.60,26.35,26.09,26.24,26.47,25.42,24.97,24.72,24.96,25.43,25.16,25.11,25.37,25.70,26.15,26.89,26.81,27.12,26.80,26.90,27.00,26.85,26.73,26.68,26.61,26.77,26.62,26.03,25.56
25.98,25.94,25.33,25.34,25.03,24.90,25.06,24.81,24.96,24.85,25.06,24.78,24.82,24.78,24.83,25.73,25.64,25.57,26.72,26.80,26.87,26.69,26.86,27.50,26.47,26.36,26.03,25.81,26.08,25.87,25.03,25.16,25.30,24.93,25.38,25.25,25.54,25.82,25.64,25.43,26.59,27.12,27.45,27.12,26.60,26.90,26.97,26.67,26.27,25.82,24.96,25.00,24.72,25.05,24.96,24.84,24.98,25.10,25.16,25.23,25.11,25.23,25.93,26.45
25.57,25.34,19.99,20.01,16.76,15.68,17.49,14.73,16.38,15.41,17.38,14.41,14.79,14.51,15.17,23.72,22.60,22.13,32.86,33.61,34.06,32.61,34.06,39.91,30.41,29.11,26.43,24.27,26.80,25.03,16.89,18.25,19.68,15.75,20.55,19.03,21.83,24.45,22.94,20.53,31.51,36.48,39.22,36.68,31.65,34.40,35.10,32.32,28.72,24.12,16.16,16.70,13.79,17.13,16.27,15.04,16.47,17.89,18.40,19.03,17.74,19.02,25.42,30.36
25.64,25.45,20.86,20.89,18.13,17.22,18.73,16.40,17.81,16.97,18.65,16.14,16.46,16.22,16.76,24.05,23.11,22.70,31.86,32.49,32.90,31.64,32.89,37.87,29.76,28.67,26.37,24.53,26.69,25.16,18.25,19.39,20.60,17.29,21.34,20.07,22.44,24.68,23.39,21.36,30.72,34.95,37.31,35.10,30.83,33.18,33.77,31.40,28.32,24.42,17.62,18.08,15.61,18.44,17.70,16.66,17.88,19.08,19.51,20.05,18.95,20.04,25.51,29.72
25.72,25.56,21.78,21.81,19.59,18.84,20.04,18.17,19.32,18.62,19.99,17.97,18.22,18.03,18.46,24.39,23.65,23.30,30.78,31.30,31.65,30.60,31.63,35.70,29.06,28.21,26.30,24.79,26.57,25.30,19.68,20.60,21.57,18.92,22.17,21.17,23.09,24.92,23.85,22.23,29.87,33.32,35.28,33.42,29.95,31.88,32.35,30.41,27.89,24.72,19.17,19.54,17.53,19.84,19.22,18.39,19.37,20.32,20.69,21.14,20.24,21.12,25.60,29.03
25.50,25.26,19.27,19.28,15.60,14.39,16.45,13.31,15.19,14.11,16.32,12.95,13.39,13.07,13.83,23.46,22.17,21.66,33.72,34.56,35.05,33.45,35.06,41.65,30.97,29.48,26.49,24.07,26.90,24.93,15.75,17.29,18.92,14.45,19.89,18.16,21.32,24.27,22.58,19.84,32.19,37.79,40.84,38.03,32.36,35.44,36.24,33.11,29.07,23.88,14.93,15.54,12.25,16.02,15.06,13.66,15.28,16.91,17.48,18.18,16.72,18.16,25.36,30.91
25.76,25.61,22.35,22.38,20.48,19.83,20.85,19.26,20.23,19.64,20.81,19.08,19.30,19.13,19.49,24.59,23.96,23.66,30.09,30.54,30.84,29.94,30.83,34.33,28.62,27.89,26.24,24.95,26.47,25.38,20.55,21.34,22.17,19.89,22.68,21.82,23.48,25.05,24.13,22.74,29.31,32.28,33.97,32.36,29.37,31.04,31.44,29.77,27.61,24.89,20.11,20.42,18.71,20.68,20.16,19.44,20.28,21.10,21.41,21.79,21.03,21.79,25.64,28.59
25.67,25.49,21.41,21.42,18.94,18.11,19.49,17.38,18.64,17.90,19.41,17.14,17.43,17.21,17.72,24.25,23.39,23.04,31.23,31.80,32.15,31.05,32.15,36.63,29.37,28.37,26.32,24.68,26.60,25.25,19.03,20.07,21.17,18.16,21.82,20.66,22.80,24.81,23.66,21.81,30.20,34.00,36.10,34.15,30.31,32.41,32.95,30.82,28.07,24.56,18.48,18.88,16.67,19.21,18.56,17.62,18.71,19.80,20.19,20.67,19.69,20.66,25.55,29.32
25.81,25.70,23.23,23.24,21.78,21.28,22.08,20.85,21.59,21.15,22.04,20.71,20.88,20.74,21.04,24.93,24.44,24.22,29.12,29.46,29.68,29.01,29.68,32.36,28.01,27.43,26.18,25.20,26.35,25.54,21.83,22.44,23.09,21.32,23.48,22.80,24.07,25.27,24.58,23.50,28.51,30.78,32.06,30.86,28.57,29.83,30.15,28.87,27.22,25.15,21.50,21.73,20.43,21.94,21.55,20.99,21.63,22.27,22.50,22.79,22.22,22.79,25.72,27.98
25.93,25.87,24.98,24.97,24.46,24.25,24.55,24.11,24.36,24.21,24.53,24.06,24.12,24.06,24.18,25.59,25.41,25.33,27.11,27.23,27.30,27.07,27.32,28.31,26.73,26.51,26.03,25.69,26.09,25.82,24.45,24.68,24.92,24.27,25.05,24.81,25.27,25.70,25.45,25.07,26.87,27.71,28.18,27.74,26.90,27.35,27.48,27.02,26.41,25.68,24.35,24.41,23.96,24.50,24.37,24.17,24.39,24.62,24.71,24.80,24.62,24.81,25.88,26.69
25.87,25.77,23.96,23.97,22.92,22.55,23.12,22.24,22.77,22.44,23.09,22.14,22.26,22.16,22.36,25.20,24.85,24.68,28.26,28.50,28.67,28.18,28.68,30.64,27.46,27.05,26.11,25.40,26.24,25.64,22.94,23.39,23.85,22.58,24.13,23.66,24.58,25.45,24.93,24.17,27.82,29.48,30.43,29.52,27.86,28.78,29.01,28.08,26.87,25.38,22.71,22.87,21.94,23.03,22.74,22.34,22.80,23.25,23.43,23.64,23.23,23.63,25.78,27.43
25.74,25.60,22.42,22.41,20.46,19.81,20.91,19.24,20.23,19.66,20.84,19.04,19.28,19.10,19.51,24.64,23.95,23.68,30.11,30.55,30.81,29.96,30.82,34.34,28.65,27.85,26.25,24.97,26.47,25.43,20.53,21.36,22.23,19.84,22.74,21.81,23.50,25.07,24.17,22.71,29.28,32.27,33.90,32.40,29.38,31.02,31.45,29.78,27.63,24.87,20.10,20.41,18.68,20.68,20.18,19.43,20.28,21.15,21.46,21.82,21.06,21.82,25.66,28.61
26.25,26.35,29.71,29.65,31.65,32.26,31.21,32.90,31.83,32.46,31.25,33.06,32.84,32.97,32.62,27.36,28.03,28.33,21.72,21.25,20.92,21.89,20.98,17.43,23.30,24.03,25.66,27.03,25.42,26.59,31.51,30.72,29.87,32.19,29.31,30.20,28.51,26.87,27.82,29.28,22.48,19.46,17.75,19.37,22.45,20.72,20.33,22.04,24.25,27.10,32.00,31.63,33.46,31.41,31.98,32.71,31.81,30.96,30.65,30.23,31.08,30.25,26.31,23.27
26.50,26.71,32.99,32.92,36.71,37.89,35.86,39.05,37.07,38.24,35.95,39.39,38.96,39.24,38.54,28.60,29.89,30.43,17.97,17.09,16.51,18.28,16.58,9.84,20.90,22.35,25.42,27.98,24.97,27.12,36.48,34.95,33.32,37.79,32.28,34.00,30.78,27.71,29.48,32.27,19.46,13.73,10.54,13.54,19.36,16.13,15.36,18.59,22.76,28.13,37.38,36.70,40.13,36.25,37.30,38.70,37.01,35.38,34.79,34.03,35.60,34.07,26.63,20.89
26.62,26.90,34.87,34.76,39.49,40.99,38.48,42.46,39.98,41.46,38.57,42.87,42.34,42.69,41.83,29.32,30.91,31.62,15.89,14.78,14.03,16.29,14.12,5.63,19.59,21.37,25.29,28.51,24.72,27.45,39.22,37.31,35.28,40.84,33.97,36.10,32.06,28.18,30.43,33.90,17.75,10.54,6.45,10.32,17.64,13.55,12.60,16.67,21.93,28.68,40.35,39.51,43.80,38.93,40.26,42.01,39.90,37.88,37.13,36.16,38.13,36.20,26.81,19.57
26.52,26.73,33.07,33.02,36.90,38.11,36.00,39.29,37.27,38.44,36.11,39.64,39.20,39.48,38.75,28.63,29.97,30.50,17.83,16.93,16.38,18.14,16.43,9.57,20.80,22.31,25.40,28.00,24.96,27.12,36.68,35.10,33.42,38.03,32.36,34.15,30.86,27.74,29.52,32.40,19.37,13.54,10.32,13.31,19.25,15.98,15.18,18.47,22.70,28.18,37.58,36.89,40.40,36.43,37.48,38.93,37.20,35.52,34.92,34.16,35.75,34.19,26.63,20.80
26.28,26.38,29.77,29.72,31.79,32.41,31.31,33.05,31.97,32.60,31.36,33.23,33.00,33.14,32.77,27.39,28.10,28.38,21.65,21.17,20.86,21.82,20.90,17.27,23.25,24.03,25.67,27.06,25.43,26.60,31.65,30.83,29.95,32.36,29.37,30.31,28.57,26.90,27.86,29.38,22.45,19.36,17.64,19.25,22.40,20.65,20.24,21.99,24.23,27.15,32.14,31.76,33.64,31.53,32.10,32.86,31.94,31.06,30.74,30.32,31.19,30.34,26.33,23.23
26.40,26.56,31.62,31.55,34.59,35.53,33.91,36.48,34.88,35.82,33.98,36.74,36.40,36.61,36.06,28.08,29.11,29.55,19.53,18.82,18.35,19.79,18.42,13.01,21.90,23.05,25.51,27.58,25.16,26.90,34.40,33.18,31.88,35.44,31.04,32.41,29.83,27.35,28.78,31.02,20.72,16.13,13.55,15.98,20.65,18.04,17.44,20.03,23.38,27.70,35.13,34.58,37.34,34.22,35.07,36.19,34.83,33.53,33.06,32.44,33.71,32.47,26.49,21.88
26.44,26.62,32.06,32.00,35.30,36.32,34.55,37.33,35.61,36.62,34.63,37.63,37.26,37.49,36.88,28.25,29.38,29.85,19.03,18.27,17.78,19.30,17.83,11.98,21.58,22.84,25.50,27.71,25.11,26.97,35.10,33.77,32.35,36.24,31.44,32.95,30.15,27.48,29.01,31.45,20.33,15.36,12.60,15.18,20.24,17.44,16.77,19.57,23.19,27.86,35.88,35.29,38.27,34.90,35.80,37.02,35.56,34.14,33.63,32.97,34.33,33.00,26.55,21.56
26.31,26.43,30.21,30.16,32.46,33.17,31.94,33.88,32.67,33.38,31.99,34.08,33.82,33.98,33.56,27.56,28.34,28.67,21.14,20.61,20.27,21.33,20.31,16.25,22.92,23.80,25.64,27.19,25.37,26.67,32.32,31.40,30.41,33.11,29.77,30.82,28.87,27.02,28.08,29.78,22.04,18.59,16.67,18.47,21.99,20.03,19.57,21.52,24.03,27.29,32.86,32.45,34.53,32.18,32.81,33.66,32.64,31.65,31.29,30.83,31.79,30.85,26.37,22.91
26.14,26.17,27.81,27.79,28.80,29.09,28.55,29.42,28.87,29.18,28.58,29.50,29.39,29.44,29.27,26.65,27.00,27.13,23.86,23.63,23.48,23.95,23.51,21.76,24.66,25.04,25.81,26.50,25.70,26.27,28.72,28.32,27.89,29.07,27.61,28.07,27.22,26.41,26.87,27.63,24.25,22.76,21.93,22.70,24.23,23.38,23.19,24.03,25.11,26.55,28.97,28.77,29.70,28.67,28.95,29.32,28.86,28.43,28.28,28.07,28.51,28.08,26.14,24.63
25.92,25.86,24.80,24.78,24.11,23.88,24.27,23.70,24.03,23.84,24.24,23.62,23.71,23.64,23.79,25.54,25.30,25.21,27.40,27.55,27.63,27.36,27.64,28.86,26.92,26.63,26.08,25.65,26.15,25.82,24.12,24.42,24.72,23.88,24.89,24.56,25.15,25.68,25.38,24.87,27.10,28.13,28.68,28.18,27.15,27.70,27.86,27.29,26.55,25.61,23.99,24.09,23.50,24.19,24.02,23.76,24.05,24.35,24.46,24.58,24.33,24.58,25.89,26.89
25.54,25.31,19.50,19.53,16.01,14.85,16.80,13.81,15.62,14.56,16.69,13.48,13.89,13.59,14.29,23.55,22.33,21.83,33.45,34.26,34.76,33.18,34.75,41.07,30.78,29.38,26.49,24.14,26.89,24.96,16.16,17.62,19.17,14.93,20.11,18.48,21.50,24.35,22.71,20.10,32.00,37.38,40.35,37.58,32.14,35.13,35.88,32.86,28.97,23.99,15.37,15.96,12.80,16.41,15.47,14.15,15.70,17.24,17.79,18.47,17.06,18.46,25.39,30.74
25.56,25.33,19.85,19.87,16.56,15.47,17.29,14.49,16.18,15.18,17.19,14.17,14.56,14.27,14.93,23.66,22.52,22.05,33.00,33.76,34.23,32.75,34.23,40.20,30.50,29.18,26.43,24.23,26.81,25.00,16.70,18.08,19.54,15.54,20.42,18.88,21.73,24.41,22.87,20.41,31.63,36.70,39.51,36.89,31.76,34.58,35.29,32.45,28.77,24.09,15.96,16.50,13.54,16.94,16.06,14.81,16.26,17.71,18.23,18.87,17.56,18.86,25.41,30.44
25.42,25.14,17.95,17.98,13.59,12.16,14.59,10.86,13.11,11.80,14.45,10.45,10.96,10.59,11.46,22.97,21.45,20.84,35.26,36.27,36.88,34.92,36.87,44.72,31.94,30.20,26.62,23.70,27.12,24.72,13.79,15.61,17.53,12.25,18.71,16.67,20.43,23.96,21.94,18.68,33.46,40.13,43.80,40.40,33.64,37.34,38.27,34.53,29.70,23.50,12.80,13.54,9.60,14.10,12.93,11.28,13.21,15.14,15.82,16.67,14.91,16.65,25.25,31.89
25.59,25.37,20.14,20.16,16.99,15.95,17.69,15.01,16.63,15.68,17.60,14.71,15.08,14.81,15.44,23.78,22.69,22.24,32.71,33.44,33.89,32.46,33.88,39.59,30.31,29.05,26.43,24.32,26.80,25.05,17.13,18.44,19.84,16.02,20.68,19.21,21.94,24.50,23.03,20.68,31.41,36.25,38.93,36.43,31.53,34.22,34.90,32.18,28.67,24.19,16.41,16.94,14.10,17.35,16.51,15.31,16.71,18.09,18.59,19.21,17.94,19.19,25.45,30.26
25.56,25.33,19.54,19.59,16.11,14.97,16.87,13.93,15.72,14.66,16.78,13.61,14.01,13.72,14.39,23.57,22.38,21.87,33.39,34.20,34.71,33.12,34.69,40.95,30.73,29.38,26.49,24.16,26.90,24.96,16.27,17.70,19.22,15.06,20.16,18.56,21.55,24.37,22.74,20.18,31.98,37.30,40.26,37.48,32.10,35.07,35.80,32.81,28.95,24.02,15.47,16.06,12.93,16.51,15.57,14.26,15.80,17.30,17.85,18.54,17.14,18.52,25.40,30.70
25.49,25.23,18.76,18.79,14.86,13.57,15.74,12.41,14.43,13.24,15.62,12.04,12.50,12.17,12.94,23.27,21.92,21.36,34.32,35.22,35.78,34.01,35.76,42.82,31.33,29.78,26.55,23.94,27.00,24.84,15.04,16.66,18.39,13.66,19.44,17.62,20.99,24.17,22.34,19.43,32.71,38.70,42.01,38.93,32.86,36.19,37.02,33.66,29.32,23.76,14.15,14.81,11.28,15.31,14.26,12.78,14.52,16.23,16.85,17.61,16.04,17.59,25.33,31.29
25.55,25.33,19.69,19.72,16.32,15.20,17.07,14.19,15.93,14.91,16.97,13.87,14.26,13.97,14.65,23.61,22.44,21.95,33.20,33.99,34.48,32.94,34.47,40.59,30.62,29.28,26.46,24.19,26.85,24.98,16.47,17.88,19.37,15.28,20.28,18.71,21.63,24.39,22.80,20.28,31.81,37.01,39.90,37.20,31.94,34.83,35.56,32.64,28.86,24.05,15.70,16.26,13.21,16.71,15.80,14.52,16.01,17.50,18.03,18.70,17.34,18.68,25.40,30.58
25.64,25.43,20.59,20.63,17.77,16.82,18.36,15.96,17.43,16.54,18.30,15.69,16.02,15.78,16.32,23.94,22.98,22.54,32.13,32.79,33.24,31.90,33.21,38.42,29.92,28.82,26.38,24.45,26.73,25.10,17.89,19.08,20.32,16.91,21.10,19.80,22.27,24.62,23.25,21.15,30.96,35.38,37.88,35.52,31.06,33.53,34.14,31.65,28.43,24.35,17.24,17.71,15.14,18.09,17.30,16.23,17.50,18.73,19.19,19.76,18.61,19.75,25.48,29.89
25.66,25.47,20.93,20.97,18.29,17.39,18.85,16.59,17.97,17.14,18.78,16.34,16.65,16.42,16.93,24.07,23.17,22.76,31.74,32.37,32.78,31.53,32.76,37.65,29.68,28.64,26.36,24.55,26.68,25.16,18.40,19.51,20.69,17.48,21.41,20.19,22.50,24.71,23.43,21.46,30.65,34.79,37.13,34.92,30.74,33.06,33.63,31.29,28.28,24.46,17.79,18.23,15.82,18.59,17.85,16.85,18.03,19.19,19.62,20.16,19.07,20.14,25.52,29.64
25.68,25.50,21.37,21.39,18.93,18.11,19.45,17.38,18.63,17.88,19.39,17.14,17.43,17.21,17.70,24.23,23.40,23.03,31.24,31.81,32.18,31.05,32.18,36.65,29.36,28.40,26.32,24.67,26.61,25.23,19.03,20.05,21.14,18.18,21.79,20.67,22.79,24.80,23.64,21.82,30.23,34.03,36.16,34.16,30.32,32.44,32.97,30.83,28.07,24.58,18.47,18.87,16.67,19.21,18.54,17.61,18.70,19.76,20.16,20.64,19.66,20.63,25.55,29.33
25.63,25.43,20.51,20.55,17.60,16.64,18.24,15.75,17.27,16.37,18.16,15.48,15.82,15.58,16.14,23.93,22.93,22.49,32.28,32.96,33.41,32.04,33.38,38.70,30.02,28.88,26.42,24.44,26.77,25.11,17.74,18.95,20.24,16.72,21.03,19.69,22.22,24.62,23.23,21.06,31.08,35.60,38.13,35.75,31.19,33.71,34.33,31.79,28.51,24.33,17.06,17.56,14.91,17.94,17.14,16.04,17.34,18.61,19.07,19.66,18.47,19.64,25.49,29.99
25.68,25.51,21.35,21.38,18.91,18.09,19.43,17.35,18.62,17.86,19.37,17.13,17.41,17.20,17.67,24.23,23.39,23.02,31.27,31.84,32.22,31.07,32.20,36.69,29.37,28.42,26.33,24.67,26.62,25.23,19.02,20.04,21.12,18.16,21.79,20.66,22.79,24.81,23.63,21.82,30.25,34.07,36.20,34.19,30.34,32.47,33.00,30.85,28.08,24.58,18.46,18.86,16.65,19.19,18.52,17.59,18.68,19.75,20.14,20.63,19.64,20.62,25.55,29.34
25.99,25.96,25.62,25.62,25.44,25.35,25.46,25.31,25.39,25.33,25.45,25.29,25.31,25.28,25.32,25.84,25.78,25.75,26.40,26.45,26.47,26.39,26.49,26.86,26.28,26.20,26.00,25.89,26.03,25.93,25.42,25.51,25.60,25.36,25.64,25.55,25.72,25.88,25.78,25.66,26.31,26.63,26.81,26.63,26.33,26.49,26.55,26.37,26.14,25.89,25.39,25.41,25.25,25.45,25.40,25.33,25.40,25.48,25.52,25.55,25.49,25.55,25.95,26.25
26.22,26.30,28.90,28.87,30.46,30.94,30.08,31.44,30.60,31.08,30.13,31.57,31.40,31.50,31.21,27.06,27.62,27.83,22.65,22.28,22.04,22.78,22.07,19.28,23.88,24.49,25.74,26.81,25.56,26.45,30.36,29.72,29.03,30.91,28.59,29.32,27.98,26.69,27.43,28.61,23.27,20.89,19.57,20.80,23.23,21.88,21.56,22.91,24.63,26.89,30.74,30.44,31.89,30.26,30.70,31.29,30.58,29.89,29.64,29.33,29.99,29.34,26.25,23.86
