-0.000,-0.000,3.685,7.281,6.913,6.563,10.854,15.184,14.563,16.946,6.380,16.106,18.313,17.122,11.674,-0.000,-0.000,-0.000,44.117,43.165,35.331,37.073,30.391,16.666,8.624,6.947,0.126,0.709,-0.000,-0.000,21.542,24.197,29.915,27.386,31.126,47.334,49.581,53.437,52.237,49.052,64.975,64.124,59.037,61.303,55.392,52.430,51.352,46.386,55.537,49.676,37.848,34.916,30.609,39.075,35.993,21.097,18.568,15.945,19.619,18.736,20.416,24.464,26.270,37.028
-0.000,-0.000,2.870,6.463,6.024,5.611,9.941,14.309,13.657,16.053,5.683,15.439,17.740,16.581,11.142,-0.000,-0.000,-0.000,44.854,43.851,35.989,37.706,31.030,17.302,8.844,7.087,0.087,0.649,-0.000,-0.000,21.489,24.339,30.075,27.346,31.240,47.451,49.881,53.813,52.546,49.203,65.372,64.695,59.970,62.192,56.235,53.207,52.146,47.094,55.498,49.498,37.478,34.458,29.995,38.714,35.487,20.274,17.673,15.010,18.695,17.818,19.548,23.593,25.395,36.662
3.685,2.870,4.529,5.594,3.986,2.664,4.670,7.779,6.830,8.335,10.155,13.040,15.735,16.148,14.869,6.941,7.977,11.872,46.679,45.583,42.296,42.452,40.353,35.242,26.458,24.892,20.572,20.244,16.076,15.588,26.641,30.885,32.910,28.793,32.577,37.177,40.898,43.139,41.210,37.414,45.082,47.843,51.825,54.036,51.828,49.986,49.432,46.788,33.309,28.533,24.095,22.145,17.508,24.457,20.488,10.667,8.058,5.791,6.799,6.484,7.805,8.663,8.720,19.357
7.281,6.463,5.594,6.193,4.472,3.058,4.603,7.235,6.302,7.524,11.115,12.830,15.447,16.082,15.517,10.509,11.698,15.649,45.986,44.894,42.549,42.426,41.196,37.837,29.157,27.626,23.779,23.329,19.555,19.119,27.084,31.418,32.751,28.517,32.165,34.700,38.534,40.454,38.534,34.797,40.985,44.240,49.670,51.483,49.931,48.315,47.941,45.740,29.464,25.135,21.767,19.998,15.566,21.994,18.101,9.478,7.042,5.023,5.590,5.404,6.615,6.953,6.775,17.166
6.913,6.024,3.986,4.472,2.469,0.847,2.361,5.497,4.392,5.848,11.060,12.246,15.219,16.079,15.818,11.491,13.056,17.491,48.381,47.238,44.873,44.660,43.575,40.222,31.185,29.670,26.007,25.422,21.658,21.109,28.488,33.252,34.437,29.840,33.736,35.579,39.744,41.602,39.356,35.285,40.874,44.588,50.734,53.466,52.167,50.592,50.039,47.954,27.915,23.142,20.883,19.208,14.233,21.012,16.605,7.779,4.948,2.544,2.869,2.652,3.917,3.960,3.504,14.123
6.563,5.611,2.664,3.058,0.847,-0.000,0.558,3.978,2.756,4.338,10.690,11.525,14.751,15.769,15.730,11.930,13.741,18.549,50.129,48.929,46.589,46.295,45.347,42.092,32.623,31.074,27.443,26.761,22.934,22.319,29.288,34.415,35.486,30.559,34.678,36.011,40.477,42.323,39.854,35.505,40.805,44.907,51.749,54.960,53.816,52.240,51.605,49.565,26.789,21.709,20.039,18.376,13.016,20.108,15.330,6.275,3.185,0.554,0.722,0.496,1.815,1.658,1.027,12.052
10.854,9.941,4.670,4.603,2.361,0.558,1.542,4.474,3.294,4.598,12.534,12.147,15.196,16.404,17.074,16.244,18.177,22.856,48.628,47.501,46.120,45.582,45.489,43.959,35.111,33.701,30.776,29.995,26.767,26.205,29.873,34.861,35.220,30.413,34.212,33.476,37.840,39.266,36.873,32.768,36.256,40.643,48.487,51.414,50.985,49.724,49.232,47.746,22.967,18.479,18.178,16.807,11.825,18.095,13.551,6.076,3.219,0.866,0.571,0.460,1.615,0.932,0.056,10.200
15.184,14.309,7.779,7.235,5.497,3.978,4.474,4.055,3.560,3.090,8.368,8.401,10.304,11.135,11.890,13.632,14.303,18.144,41.562,40.187,40.774,39.831,40.972,43.350,32.641,30.463,25.950,25.391,21.439,21.533,23.027,27.800,27.550,22.511,26.177,24.407,28.965,30.749,29.450,25.723,31.382,36.158,46.900,43.733,43.059,41.425,42.436,40.511,22.082,19.607,14.055,11.820,8.593,14.281,11.209,4.463,3.449,3.229,3.334,3.749,4.812,4.473,4.512,17.665
14.563,13.657,6.830,6.302,4.392,2.756,3.294,3.560,2.893,2.779,9.106,8.838,11.036,12.013,12.892,14.590,15.596,19.727,43.428,42.083,42.391,41.474,42.509,44.338,33.839,31.798,27.634,26.991,23.188,23.141,24.627,29.574,29.338,24.216,27.971,26.041,30.683,32.364,30.783,26.896,31.913,36.791,47.362,45.466,44.946,43.404,44.120,42.334,21.518,18.599,14.334,12.275,8.610,14.467,10.999,4.144,2.703,2.032,1.968,2.291,3.382,2.864,2.648,15.361
16.946,16.053,8.335,7.524,5.848,4.338,4.598,3.090,2.779,1.718,6.838,6.707,8.325,9.129,10.107,13.353,13.722,17.461,39.873,38.385,39.784,38.627,40.369,44.368,32.805,30.346,25.348,24.805,20.614,20.912,21.078,25.966,25.366,20.068,23.782,21.156,25.946,27.811,26.785,23.060,29.162,34.324,46.597,41.486,40.880,39.141,40.659,38.654,20.763,18.893,11.920,9.409,6.630,12.208,9.476,3.014,2.535,2.979,3.095,3.704,4.749,4.370,4.615,18.995
6.380,5.683,10.155,11.115,11.060,10.690,12.534,8.368,9.106,6.838,-0.000,4.462,4.435,3.379,0.647,-0.000,-0.000,-0.000,30.339,28.636,28.084,27.888,26.844,27.412,13.919,10.386,1.080,1.599,-0.000,-0.000,8.543,11.959,14.065,9.727,13.430,20.253,24.122,27.967,28.777,25.857,42.283,44.790,52.482,40.425,36.099,32.828,35.600,30.867,40.062,39.330,19.376,14.885,14.220,20.821,20.408,9.758,11.375,13.873,16.900,17.597,18.921,21.851,24.739,43.249
16.106,15.439,13.040,12.830,12.246,11.525,12.147,8.401,8.838,6.707,4.462,7.145,7.392,7.196,6.633,6.050,4.722,6.713,31.082,29.627,30.910,30.123,31.058,34.813,23.446,20.613,14.025,14.069,9.184,10.001,14.053,17.545,17.817,13.588,16.682,17.648,21.443,23.945,24.252,21.560,31.657,35.187,45.089,35.453,33.400,31.171,33.589,30.646,28.618,28.333,15.149,11.884,11.090,15.973,15.178,8.388,9.583,11.666,13.059,13.837,14.792,15.893,17.514,32.611
18.313,17.740,15.735,15.447,15.219,14.751,15.196,10.304,11.036,8.325,4.435,7.392,7.052,6.618,5.944,5.844,3.974,5.302,27.141,25.719,27.575,26.754,27.949,32.743,21.655,18.733,11.922,12.110,7.277,8.322,11.760,14.729,14.872,11.028,13.753,14.715,18.156,20.661,21.488,19.268,29.805,32.992,42.833,31.282,29.131,26.890,29.751,26.775,29.055,29.689,14.964,11.566,11.690,15.896,15.914,9.881,11.829,14.692,16.269,17.189,18.025,19.338,21.317,36.352
17.122,16.581,16.148,16.082,16.079,15.769,16.404,11.135,12.013,9.129,3.379,7.196,6.618,5.939,4.791,3.258,1.005,2.022,25.723,24.282,25.913,25.216,26.066,30.461,19.188,16.137,8.796,9.126,3.982,5.127,10.111,12.854,13.332,9.646,12.339,14.493,17.785,20.531,21.614,19.530,31.354,34.174,43.393,30.909,28.290,25.863,28.895,25.584,31.509,32.333,15.943,12.301,12.741,17.023,17.378,10.879,13.123,16.275,18.224,19.159,20.021,21.758,24.083,39.577
11.674,11.142,14.869,15.517,15.818,15.730,17.074,11.890,12.892,10.107,0.647,6.633,5.944,4.791,2.402,-0.000,-0.000,-0.000,25.437,23.925,24.336,24.035,23.631,25.817,13.885,10.588,2.029,2.622,-0.000,-0.000,7.767,10.328,11.892,8.335,11.258,16.827,19.987,23.390,24.697,22.575,37.540,39.596,46.958,33.789,29.951,27.030,30.088,25.884,38.098,38.572,19.074,14.905,15.362,20.465,21.000,12.510,14.858,18.051,20.870,21.699,22.738,25.474,28.421,45.099
-0.000,-0.000,6.941,10.509,11.491,11.930,16.244,13.632,14.590,13.353,-0.000,6.050,5.844,3.258,-0.000,-0.000,-0.000,-0.000,30.123,28.439,23.049,24.429,18.641,10.167,-0.000,-0.000,-0.000,-0.000,-0.000,-0.000,3.616,5.938,11.901,8.673,12.750,31.494,34.320,40.003,41.313,38.571,63.957,63.219,62.423,50.685,42.476,37.899,40.091,32.783,62.722,60.388,32.692,27.028,26.165,35.028,35.044,18.317,19.723,21.610,27.369,27.472,29.294,35.453,40.067,59.855
-0.000,-0.000,7.977,11.698,13.056,13.741,18.177,14.303,15.596,13.722,-0.000,4.722,3.974,1.005,-0.000,-0.000,-0.000,-0.000,26.883,25.102,19.909,21.334,15.430,7.419,-0.000,-0.000,-0.000,-0.000,-0.000,-0.000,-0.000,1.983,8.210,5.062,9.111,29.052,31.794,37.877,39.745,37.217,64.762,63.720,62.969,48.605,39.757,34.846,37.614,29.770,65.477,63.825,32.779,26.585,26.489,35.372,36.115,18.914,21.109,23.854,30.165,30.416,32.260,39.018,44.272,65.487
-0.000,-0.000,11.872,15.649,17.491,18.549,22.856,18.144,19.727,17.461,-0.000,6.713,5.302,2.022,-0.000,-0.000,-0.000,-0.000,22.179,20.562,15.650,17.181,11.253,3.615,-0.000,-0.000,-0.000,-0.000,-0.000,-0.000,-0.000,-0.000,5.649,3.338,6.736,27.146,29.125,35.078,37.505,35.730,63.286,61.414,59.337,43.762,34.806,30.015,33.024,25.280,66.783,66.074,34.154,28.045,29.002,36.833,38.543,22.468,25.361,28.738,35.253,35.562,37.217,44.259,49.839,69.728
44.117,44.854,46.679,45.986,48.381,50.129,48.628,41.562,43.428,39.873,30.339,31.082,27.141,25.723,25.437,30.123,26.883,22.179,-0.000,-0.000,3.358,3.149,5.101,12.074,16.060,16.020,16.000,16.889,18.324,19.694,13.422,9.384,8.152,11.406,8.348,7.157,4.182,3.580,6.945,10.576,10.875,8.203,6.665,-0.000,-0.000,-0.000,-0.000,-0.000,26.592,32.902,25.743,25.550,31.838,26.228,31.758,38.570,43.370,48.231,48.968,49.820,48.811,49.748,51.684,48.365
43.165,43.851,45.583,44.894,47.238,48.929,47.501,40.187,42.083,38.385,28.636,29.627,25.719,24.282,23.925,28.439,25.102,20.562,-0.000,-0.000,3.789,3.529,5.511,12.686,15.784,15.526,14.984,15.878,16.918,18.345,12.524,8.761,7.580,10.509,7.702,6.664,3.980,3.586,6.964,10.375,11.508,9.097,8.261,-0.000,-0.000,-0.000,-0.000,-0.000,26.939,33.191,24.998,24.554,30.749,25.552,31.001,37.225,42.101,47.092,47.952,48.857,47.927,48.965,51.031,48.881
35.331,35.989,42.296,42.549,44.873,46.589,46.120,40.774,42.391,39.784,28.084,30.910,27.575,25.913,24.336,23.049,19.909,15.650,3.358,3.789,5.549,5.882,5.990,8.885,12.227,12.131,11.246,12.257,12.799,13.909,14.103,10.368,10.564,13.660,11.209,13.989,11.150,11.210,14.162,17.261,20.259,16.977,12.915,3.974,2.805,2.780,4.690,4.353,33.663,38.403,30.118,29.617,34.786,30.796,35.535,39.332,43.245,47.071,48.537,49.050,48.360,50.153,52.295,49.800
37.073,37.706,42.452,42.426,44.660,46.295,45.582,39.831,41.474,38.627,27.888,30.123,26.754,25.216,24.035,24.429,21.334,17.181,3.149,3.529,5.882,6.024,6.669,10.715,13.717,13.542,12.703,13.644,14.244,15.413,13.950,10.392,10.194,13.075,10.654,12.262,9.619,9.582,12.548,15.584,18.073,15.206,12.333,2.832,1.976,2.003,4.101,3.919,31.510,36.496,28.378,27.872,33.125,29.007,33.758,38.012,42.068,46.105,47.363,47.978,47.258,48.784,50.846,48.733
30.391,31.030,40.353,41.196,43.575,45.347,45.489,40.972,42.509,40.369,26.844,31.058,27.949,26.066,23.631,18.641,15.430,11.253,5.101,5.511,5.990,6.669,5.652,6.174,9.292,9.164,7.727,8.855,8.887,9.885,14.029,10.309,11.386,14.533,12.339,17.661,14.768,15.232,18.059,20.973,25.729,21.927,16.120,8.066,6.109,5.798,7.397,6.512,38.309,42.294,32.991,32.292,36.998,33.817,38.278,40.412,43.954,47.304,49.276,49.604,49.075,51.465,53.824,51.686
16.666,17.302,35.242,37.837,40.222,42.092,43.959,43.350,44.338,44.368,27.412,34.813,32.743,30.461,25.817,10.167,7.419,3.615,12.074,12.686,8.885,10.715,6.174,-0.000,2.924,3.304,1.719,3.059,2.531,2.885,17.826,13.902,17.499,21.266,19.501,31.795,28.339,29.455,31.473,34.009,41.463,35.794,23.308,21.007,17.282,16.609,16.540,14.698,50.524,51.738,43.236,42.671,45.543,44.231,47.441,45.594,47.269,48.316,51.305,50.850,50.696,54.397,56.775,52.895
8.624,8.844,26.458,29.157,31.185,32.623,35.111,32.641,33.839,32.805,13.919,23.446,21.655,19.188,13.885,-0.000,-0.000,-0.000,16.060,15.784,12.227,13.717,9.292,2.924,0.366,-0.000,-0.000,-0.000,-0.000,-0.000,10.728,8.954,13.060,14.266,14.492,28.339,27.178,29.957,32.075,32.881,47.064,43.352,36.180,28.543,23.285,21.160,22.399,18.575,53.812,54.500,37.768,35.168,37.319,39.309,41.874,35.243,37.443,39.508,43.517,43.451,43.943,48.520,51.933,57.301
6.947,7.087,24.892,27.626,29.670,31.074,33.701,30.463,31.798,30.346,10.386,20.613,18.733,16.137,10.588,-0.000,-0.000,-0.000,16.020,15.526,12.131,13.542,9.164,3.304,-0.000,-0.000,-0.000,-0.000,-0.000,-0.000,8.233,6.858,11.103,11.769,12.411,26.788,26.110,29.337,31.626,32.118,48.248,44.909,38.989,29.470,23.749,21.233,22.920,18.550,55.029,55.811,36.464,33.293,35.503,38.184,40.808,33.084,35.619,38.149,42.500,42.565,43.196,48.091,51.886,59.626
0.126,0.087,20.572,23.779,26.007,27.443,30.776,25.950,27.634,25.348,1.080,14.025,11.922,8.796,2.029,-0.000,-0.000,-0.000,16.000,14.984,11.246,12.703,7.727,1.719,-0.000,-0.000,-0.000,-0.000,-0.000,-0.000,1.565,1.003,6.158,5.673,7.383,24.808,25.148,29.725,32.485,32.233,54.359,51.445,47.284,33.338,25.927,22.280,24.948,18.883,61.301,62.047,35.308,30.587,32.890,37.586,40.392,29.118,32.402,35.941,41.514,41.802,42.847,48.982,53.937,67.579
0.709,0.649,20.244,23.329,25.422,26.761,29.995,25.391,26.991,24.805,1.599,14.069,12.110,9.126,2.622,-0.000,-0.000,-0.000,16.889,15.878,12.257,13.644,8.855,3.059,-0.000,-0.000,-0.000,-0.000,-0.000,-0.000,2.493,2.078,7.051,6.458,8.202,24.968,25.409,29.860,32.468,32.122,53.556,50.866,47.082,33.665,26.511,22.959,25.530,19.642,59.937,60.557,34.733,30.142,32.246,36.930,39.529,28.475,31.584,34.950,40.317,40.597,41.633,47.530,52.292,65.726
-0.000,-0.000,16.076,19.555,21.658,22.934,26.767,21.439,23.188,20.614,-0.000,9.184,7.277,3.982,-0.000,-0.000,-0.000,-0.000,18.324,16.918,12.799,14.244,8.887,2.531,-0.000,-0.000,-0.000,-0.000,-0.000,-0.000,-0.000,-0.000,4.509,2.945,5.607,24.688,25.993,31.443,34.206,33.146,58.863,56.584,54.040,38.101,29.720,25.337,28.456,21.323,64.527,64.770,34.060,28.380,30.210,36.632,39.067,25.097,28.476,32.286,38.498,38.883,40.268,47.016,52.508,70.279
-0.000,-0.000,15.588,19.119,21.109,22.319,26.205,21.533,23.141,20.912,-0.000,10.001,8.322,5.127,-0.000,-0.000,-0.000,-0.000,19.694,18.345,13.909,15.413,9.885,2.885,-0.000,-0.000,-0.000,-0.000,-0.000,-0.000,-0.000,0.334,6.103,4.591,7.255,26.340,27.602,32.937,35.475,34.352,59.439,57.117,54.085,39.396,31.139,26.863,29.682,22.694,64.317,64.191,34.715,29.243,30.735,37.207,39.350,25.373,28.386,31.772,37.853,38.141,39.530,46.152,51.426,68.498
21.542,21.489,26.641,27.084,28.488,29.288,29.873,23.027,24.627,21.078,8.543,14.053,11.760,10.111,7.767,3.616,-0.000,-0.000,13.422,12.524,14.103,13.950,14.029,17.826,10.728,8.233,1.565,2.493,-0.000,-0.000,6.317,6.298,7.310,6.241,7.082,11.927,12.834,15.282,17.809,17.877,30.054,30.046,33.937,19.281,16.049,13.944,17.292,14.147,37.600,40.607,22.125,18.820,21.952,23.467,26.382,22.492,26.359,30.841,33.548,34.482,34.855,37.642,40.875,51.904
24.197,24.339,30.885,31.418,33.252,34.415,34.861,27.800,29.574,25.966,11.959,17.545,14.729,12.854,10.328,5.938,1.983,-0.000,9.384,8.761,10.368,10.392,10.309,13.902,8.954,6.858,1.003,2.078,-0.000,0.334,6.298,5.214,6.247,6.258,6.292,11.498,11.426,13.532,16.448,17.362,28.570,27.541,29.318,14.778,11.646,9.852,13.118,10.334,38.520,42.245,24.425,21.518,25.514,25.753,29.477,27.084,31.345,36.070,38.810,39.700,39.836,42.749,46.071,54.533
29.915,30.075,32.910,32.751,34.437,35.486,35.220,27.550,29.338,25.366,14.065,17.817,14.872,13.332,11.892,11.901,8.210,5.649,8.152,7.580,10.564,10.194,11.386,17.499,13.060,11.103,6.158,7.051,4.509,6.103,7.310,6.247,6.234,6.204,5.936,8.018,7.991,9.541,12.466,13.556,22.239,21.839,25.478,10.621,8.535,7.148,10.613,8.583,32.685,37.097,21.272,18.738,23.073,22.373,26.244,25.864,30.355,35.394,37.433,38.492,38.434,40.534,43.458,51.082
27.386,27.346,28.793,28.517,29.840,30.559,30.413,22.511,24.216,20.068,9.727,13.588,11.028,9.646,8.335,8.673,5.062,3.338,11.406,10.509,13.660,13.075,14.533,21.266,14.266,11.769,5.673,6.458,2.945,4.591,6.241,6.258,6.204,5.011,5.588,7.356,8.383,10.380,13.061,13.310,23.500,24.182,30.340,14.473,12.172,10.378,14.139,11.615,31.990,35.904,18.470,15.361,19.034,19.646,22.881,20.905,25.240,30.323,32.435,33.606,33.797,35.872,38.866,49.685
31.126,31.240,32.577,32.165,33.736,34.678,34.212,26.177,27.971,23.782,13.430,16.682,13.753,12.339,11.258,12.750,9.111,6.736,8.348,7.702,11.209,10.654,12.339,19.501,14.492,12.411,7.383,8.202,5.607,7.255,7.082,6.292,5.936,5.588,5.440,6.479,6.745,8.255,11.162,12.104,20.501,20.576,25.520,10.082,8.240,6.858,10.513,8.565,30.744,35.309,19.471,16.865,21.202,20.535,24.343,24.181,28.766,33.992,35.856,37.013,36.959,38.825,41.681,49.985
47.334,47.451,37.177,34.700,35.579,36.011,33.476,24.407,26.041,21.156,20.253,17.648,14.715,14.493,16.827,31.494,29.052,27.146,7.157,6.664,13.989,12.262,17.661,31.795,28.339,26.788,24.808,24.968,24.688,26.340,11.927,11.498,8.018,7.356,6.479,-0.000,-0.000,-0.000,0.840,2.044,2.243,4.427,14.961,0.003,1.471,1.378,5.305,5.736,12.513,18.567,10.097,8.782,13.542,10.380,14.101,19.705,24.480,30.099,29.668,31.238,30.650,29.862,31.234,36.758
49.581,49.881,40.898,38.534,39.744,40.477,37.840,28.965,30.683,25.946,24.122,21.443,18.156,17.785,19.987,34.320,31.794,29.125,4.182,3.980,11.150,9.619,14.768,28.339,27.178,26.110,25.148,25.409,25.993,27.602,12.834,11.426,7.991,8.383,6.745,-0.000,-0.000,-0.000,0.299,2.263,1.147,2.349,10.600,-0.000,-0.000,-0.000,2.101,2.964,13.210,19.719,12.642,11.840,17.203,12.864,17.167,24.193,29.124,34.711,34.225,35.697,34.883,34.131,35.453,38.113
53.437,53.813,43.139,40.454,41.602,42.323,39.266,30.749,32.364,27.811,27.967,23.945,20.661,20.531,23.390,40.003,37.877,35.078,3.580,3.586,11.210,9.582,15.232,29.455,29.957,29.337,29.725,29.860,31.443,32.937,15.282,13.532,9.541,10.380,8.255,-0.000,-0.000,-0.000,-0.000,1.252,-0.000,-0.000,6.573,-0.000,-0.000,-0.000,0.501,2.139,9.769,16.513,12.420,12.245,17.731,12.399,16.739,25.546,30.310,35.664,34.604,36.040,35.026,33.674,34.520,34.839
52.237,52.546,41.210,38.534,39.356,39.854,36.873,29.450,30.783,26.785,28.777,24.252,21.488,21.614,24.697,41.313,39.745,37.505,6.945,6.964,14.162,12.548,18.059,31.473,32.075,31.626,32.485,32.468,34.206,35.475,17.809,16.448,12.466,13.061,11.162,0.840,0.299,-0.000,1.132,3.105,-0.000,-0.000,7.758,-0.000,-0.000,0.645,3.579,5.399,8.727,14.702,12.573,12.645,17.342,12.409,16.038,24.528,28.592,33.204,31.869,33.170,32.221,30.565,30.999,30.888
49.052,49.203,37.414,34.797,35.285,35.505,32.768,25.723,26.896,23.060,25.857,21.560,19.268,19.530,22.575,38.571,37.217,35.730,10.576,10.375,17.261,15.584,20.973,34.009,32.881,32.118,32.233,32.122,33.146,34.352,17.877,17.362,13.556,13.310,12.104,2.044,2.263,1.252,3.105,4.364,0.766,2.881,12.102,1.552,4.026,4.599,7.518,8.941,8.991,14.219,11.402,11.128,15.024,11.277,14.194,21.142,24.799,29.096,27.839,29.130,28.402,26.770,27.171,29.134
64.975,65.372,45.082,40.985,40.874,40.805,36.256,31.382,31.913,29.162,42.283,31.657,29.805,31.354,37.540,63.957,64.762,63.286,10.875,11.508,20.259,18.073,25.729,41.463,47.064,48.248,54.359,53.556,58.863,59.439,30.054,28.570,22.239,23.500,20.501,2.243,1.147,-0.000,-0.000,0.766,-0.000,-0.000,-0.000,-0.000,-0.000,1.738,3.224,8.083,-0.000,-0.000,9.556,12.090,15.851,8.280,10.744,25.032,27.499,30.316,26.329,27.419,25.899,21.371,19.409,11.574
64.124,64.695,47.843,44.240,44.588,44.907,40.643,36.158,36.791,34.324,44.790,35.187,32.992,34.174,39.596,63.219,63.720,61.414,8.203,9.097,16.977,15.206,21.927,35.794,43.352,44.909,51.445,50.866,56.584,57.117,30.046,27.541,21.839,24.182,20.576,4.427,2.349,-0.000,-0.000,2.881,-0.000,-0.000,-0.000,-0.000,-0.000,-0.000,1.083,5.924,-0.000,2.534,13.801,16.584,20.863,12.606,15.655,30.253,32.821,35.539,31.925,32.838,31.203,27.205,25.465,15.364
59.037,59.970,51.825,49.670,50.734,51.749,48.487,46.900,47.362,46.597,52.482,45.089,42.833,43.393,46.958,62.423,62.969,59.337,6.665,8.261,12.915,12.333,16.120,23.308,36.180,38.989,47.284,47.082,54.040,54.085,33.937,29.318,25.478,30.340,25.520,14.961,10.600,6.573,7.758,12.102,-0.000,-0.000,-0.000,-0.000,-0.000,1.096,0.695,5.659,6.858,11.792,25.899,29.707,34.029,24.733,28.175,42.779,44.475,45.668,42.723,42.922,41.105,38.162,36.425,19.668
61.303,62.192,54.036,51.483,53.466,54.960,51.414,43.733,45.466,41.486,40.425,35.453,31.282,30.909,33.789,50.685,48.605,43.762,-0.000,-0.000,3.974,2.832,8.066,21.007,28.543,29.470,33.338,33.665,38.101,39.396,19.281,14.778,10.621,14.473,10.082,0.003,-0.000,-0.000,-0.000,1.552,-0.000,-0.000,-0.000,-0.000,-0.000,-0.000,-0.000,-0.000,9.718,17.716,19.151,20.677,27.778,18.812,24.657,38.163,43.149,48.232,46.691,47.821,46.120,44.515,44.921,36.330
55.392,56.235,51.828,49.931,52.167,53.816,50.985,43.059,44.946,40.880,36.099,33.400,29.131,28.290,29.951,42.476,39.757,34.806,-0.000,-0.000,2.805,1.976,6.109,17.282,23.285,23.749,25.927,26.511,29.720,31.139,16.049,11.646,8.535,12.172,8.240,1.471,-0.000,-0.000,-0.000,4.026,-0.000,-0.000,-0.000,-0.000,-0.000,-0.000,-0.000,-0.000,16.160,23.823,21.228,21.983,29.061,21.249,27.219,38.311,43.500,48.812,48.209,49.303,47.847,47.279,48.409,42.163
52.430,53.207,49.986,48.315,50.592,52.240,49.724,41.425,43.404,39.141,32.828,31.171,26.890,25.863,27.030,37.899,34.846,30.015,-0.000,-0.000,2.780,2.003,5.798,16.609,21.160,21.233,22.280,22.959,25.337,26.863,13.944,9.852,7.148,10.378,6.858,1.378,-0.000,-0.000,0.645,4.599,1.738,-0.000,1.096,-0.000,-0.000,-0.000,-0.000,-0.000,18.729,26.240,21.144,21.369,28.363,21.363,27.309,36.978,42.335,47.882,47.733,48.874,47.581,47.479,49.001,44.786
51.352,52.146,49.432,47.941,50.039,51.605,49.232,42.436,44.120,40.659,35.600,33.589,29.751,28.895,30.088,40.091,37.614,33.024,-0.000,-0.000,4.690,4.101,7.397,16.540,22.399,22.920,24.948,25.530,28.456,29.682,17.292,13.118,10.613,14.139,10.513,5.305,2.101,0.501,3.579,7.518,3.224,1.083,0.695,-0.000,-0.000,-0.000,-0.000,-0.000,18.781,25.522,23.223,23.962,30.302,23.272,28.672,38.437,43.007,47.610,47.212,48.111,46.802,46.484,47.550,41.378
46.386,47.094,46.788,45.740,47.954,49.565,47.746,40.511,42.334,38.654,30.867,30.646,26.775,25.584,25.884,32.783,29.770,25.280,-0.000,-0.000,4.353,3.919,6.512,14.698,18.575,18.550,18.883,19.642,21.323,22.694,14.147,10.334,8.583,11.615,8.565,5.736,2.964,2.139,5.399,8.941,8.083,5.924,5.659,-0.000,-0.000,-0.000,-0.000,-0.000,23.465,29.924,23.805,23.757,29.987,24.170,29.571,37.092,41.884,46.787,47.149,48.082,47.021,47.508,49.200,45.858
55.537,55.498,33.309,29.464,27.915,26.789,22.967,22.082,21.518,20.763,40.062,28.618,29.055,31.509,38.098,62.722,65.477,66.783,26.592,26.939,33.663,31.510,38.309,50.524,53.812,55.029,61.301,59.937,64.527,64.317,37.600,38.520,32.685,31.990,30.744,12.513,13.210,9.769,8.727,8.991,-0.000,-0.000,6.858,9.718,16.160,18.729,18.781,23.465,-0.000,-0.000,8.964,11.661,11.806,7.357,6.601,17.280,16.980,17.033,12.469,13.100,12.141,6.892,3.715,-0.000
49.676,49.498,28.533,25.135,23.142,21.709,18.479,19.607,18.599,18.893,39.330,28.333,29.689,32.333,38.572,60.388,63.825,66.074,32.902,33.191,38.403,36.496,42.294,51.738,54.500,55.811,62.047,60.557,64.770,64.191,40.607,42.245,37.097,35.904,35.309,18.567,19.719,16.513,14.702,14.219,-0.000,2.534,11.792,17.716,23.823,26.240,25.522,29.924,-0.000,-0.000,10.863,13.614,12.259,9.199,7.189,15.869,14.343,13.080,8.567,8.900,8.197,3.015,-0.000,-0.000
37.848,37.478,24.095,21.767,20.883,20.039,18.178,14.055,14.334,11.920,19.376,15.149,14.964,15.943,19.074,32.692,32.779,34.154,25.743,24.998,30.118,28.378,32.991,43.236,37.768,36.464,35.308,34.733,34.060,34.715,22.125,24.425,21.272,18.470,19.471,10.097,12.642,12.420,12.573,11.402,9.556,13.801,25.899,19.151,21.228,21.144,23.223,23.805,8.964,10.863,9.241,8.423,8.892,9.016,8.887,10.997,12.385,14.575,13.180,14.187,14.173,12.235,11.928,18.627
34.916,34.458,22.145,19.998,19.208,18.376,16.807,11.820,12.275,9.409,14.885,11.884,11.566,12.301,14.905,27.028,26.585,28.045,25.550,24.554,29.617,27.872,32.292,42.671,35.168,33.293,30.587,30.142,28.380,29.243,18.820,21.518,18.738,15.361,16.865,8.782,11.840,12.245,12.645,11.128,12.090,16.584,29.707,20.677,21.983,21.369,23.962,23.757,11.661,13.614,8.423,6.847,7.417,8.458,8.451,8.958,10.744,13.488,12.652,13.784,13.964,12.588,12.836,22.427
30.609,29.995,17.508,15.566,14.233,13.016,11.825,8.593,8.610,6.630,14.220,11.090,11.690,12.741,15.362,26.165,26.489,29.002,31.838,30.749,34.786,33.125,36.998,45.543,37.319,35.503,32.890,32.246,30.210,30.735,21.952,25.514,23.073,19.034,21.202,13.542,17.203,17.731,17.342,15.024,15.851,20.863,34.029,27.778,29.061,28.363,30.302,29.987,11.806,12.259,8.892,7.417,6.513,8.813,7.525,6.477,7.118,8.662,7.666,8.576,8.978,7.406,7.194,17.281
39.075,38.714,24.457,21.994,21.012,20.108,18.095,14.281,14.467,12.208,20.821,15.973,15.896,17.023,20.465,35.028,35.372,36.833,26.228,25.552,30.796,29.007,33.817,44.231,39.309,38.184,37.586,36.930,36.632,37.207,23.467,25.753,22.373,19.646,20.535,10.380,12.864,12.399,12.409,11.277,8.280,12.606,24.733,18.812,21.249,21.363,23.272,24.170,7.357,9.199,9.016,8.458,8.813,8.672,8.407,11.099,12.295,14.275,12.606,13.582,13.513,11.281,10.717,16.579
35.993,35.487,20.488,18.101,16.605,15.330,13.551,11.209,10.999,9.476,20.408,15.178,15.914,17.378,21.000,35.044,36.115,38.543,31.758,31.001,35.535,33.758,38.278,47.441,41.874,40.808,40.392,39.529,39.067,39.350,26.382,29.477,26.244,22.881,24.343,14.101,17.167,16.739,16.038,14.194,10.744,15.655,28.175,24.657,27.219,27.309,28.672,29.571,6.601,7.189,8.887,8.451,7.525,8.407,7.003,8.555,8.751,9.713,7.797,8.603,8.713,6.185,5.151,11.434
21.097,20.274,10.667,9.478,7.779,6.275,6.076,4.463,4.144,3.014,9.758,8.388,9.881,10.879,12.510,18.317,18.914,22.468,38.570,37.225,39.332,38.012,40.412,45.594,35.243,33.084,29.118,28.475,25.097,25.373,22.492,27.084,25.864,20.905,24.181,19.705,24.193,25.546,24.528,21.142,25.032,30.253,42.779,38.163,38.311,36.978,38.437,37.092,17.280,15.869,10.997,8.958,6.477,11.099,8.555,3.814,3.416,3.906,3.523,4.176,5.025,4.109,4.020,16.706
18.568,17.673,8.058,7.042,4.948,3.185,3.219,3.449,2.703,2.535,11.375,9.583,11.829,13.123,14.858,19.723,21.109,25.361,43.370,42.101,43.245,42.068,43.954,47.269,37.443,35.619,32.402,31.584,28.476,28.386,26.359,31.345,30.355,25.240,28.766,24.480,29.124,30.310,28.592,24.799,27.499,32.821,44.475,43.149,43.500,42.335,43.007,41.884,16.980,14.343,12.385,10.744,7.118,12.295,8.751,3.416,1.915,1.207,0.529,0.917,1.863,0.650,-0.000,11.611
15.945,15.010,5.791,5.023,2.544,0.554,0.866,3.229,2.032,2.979,13.873,11.666,14.692,16.275,18.051,21.610,23.854,28.738,48.231,47.092,47.071,46.105,47.304,48.316,39.508,38.149,35.941,34.950,32.286,31.772,30.841,36.070,35.394,30.323,33.992,30.099,34.711,35.664,33.204,29.096,30.316,35.539,45.668,48.232,48.812,47.882,47.610,46.787,17.033,13.080,14.575,13.488,8.662,14.275,9.713,3.906,1.207,-0.000,-0.000,-0.000,-0.000,-0.000,-0.000,6.285
19.619,18.695,6.799,5.590,2.869,0.722,0.571,3.334,1.968,3.095,16.900,13.059,16.269,18.224,20.870,27.369,30.165,35.253,48.968,47.952,48.537,47.363,49.276,51.305,43.517,42.500,41.514,40.317,38.498,37.853,33.548,38.810,37.433,32.435,35.856,29.668,34.225,34.604,31.869,27.839,26.329,31.925,42.723,46.691,48.209,47.733,47.212,47.149,12.469,8.567,13.180,12.652,7.666,12.606,7.797,3.523,0.529,-0.000,-0.000,-0.000,-0.000,-0.000,-0.000,1.494
18.736,17.818,6.484,5.404,2.652,0.496,0.460,3.749,2.291,3.704,17.597,13.837,17.189,19.159,21.699,27.472,30.416,35.562,49.820,48.857,49.050,47.978,49.604,50.850,43.451,42.565,41.802,40.597,38.883,38.141,34.482,39.700,38.492,33.606,37.013,31.238,35.697,36.040,33.170,29.130,27.419,32.838,42.922,47.821,49.303,48.874,48.111,48.082,13.100,8.900,14.187,13.784,8.576,13.582,8.603,4.176,0.917,-0.000,-0.000,-0.000,-0.000,-0.000,-0.000,0.836
20.416,19.548,7.805,6.615,3.917,1.815,1.615,4.812,3.382,4.749,18.921,14.792,18.025,20.021,22.738,29.294,32.260,37.217,48.811,47.927,48.360,47.258,49.075,50.696,43.943,43.196,42.847,41.633,40.268,39.530,34.855,39.836,38.434,33.797,36.959,30.650,34.883,35.026,32.221,28.402,25.899,31.203,41.105,46.120,47.847,47.581,46.802,47.021,12.141,8.197,14.173,13.964,8.978,13.513,8.713,5.025,1.863,-0.000,-0.000,-0.000,-0.000,-0.000,-0.000,0.547
24.464,23.593,8.663,6.953,3.960,1.658,0.932,4.473,2.864,4.370,21.851,15.893,19.338,21.758,25.474,35.453,39.018,44.259,49.748,48.965,50.153,48.784,51.465,54.397,48.520,48.091,48.982,47.530,47.016,46.152,37.642,42.749,40.534,35.872,38.825,29.862,34.131,33.674,30.565,26.770,21.371,27.205,38.162,44.515,47.279,47.479,46.484,47.508,6.892,3.015,12.235,12.588,7.406,11.281,6.185,4.109,0.650,-0.000,-0.000,-0.000,-0.000,-0.000,-0.000,-0.000
26.270,25.395,8.720,6.775,3.504,1.027,0.056,4.512,2.648,4.615,24.739,17.514,21.317,24.083,28.421,40.067,44.272,49.839,51.684,51.031,52.295,50.846,53.824,56.775,51.933,51.886,53.937,52.292,52.508,51.426,40.875,46.071,43.458,38.866,41.681,31.234,35.453,34.520,30.999,27.171,19.409,25.465,36.425,44.921,48.409,49.001,47.550,49.200,3.715,-0.000,11.928,12.836,7.194,10.717,5.151,4.020,-0.000,-0.000,-0.000,-0.000,-0.000,-0.000,-0.000,-0.000
37.028,36.662,19.357,17.166,14.123,12.052,10.200,17.665,15.361,18.995,43.249,32.611,36.352,39.577,45.099,59.855,65.487,69.728,48.365,48.881,49.800,48.733,51.686,52.895,57.301,59.626,67.579,65.726,70.279,68.498,51.904,54.533,51.082,49.685,49.985,36.758,38.113,34.839,30.888,29.134,11.574,15.364,19.668,36.330,42.163,44.786,41.378,45.858,-0.000,-0.000,18.627,22.427,17.281,16.579,11.434,16.706,11.611,6.285,1.494,0.836,0.547,-0.000,-0.000,-0.000
